,TM,DUR,INSTANCES,CPUS,CAP,DBT,DBC,BGC,RMANC,AAS,TOTORA,LOAD,TOTOS,ORACPUPCT,RMANCPUPCT,OSCPUPCT,USRCPUPCT,SYSCPUPCT,IOWAITCPUPCT,LOGONS_CURR,LOGONS_CUM,EXECS
0,20201103020054,60.2,1,32,115584.0,,,,,,,10.1591796875,,,,,,,,311,,
1,20201103030004,59.166666666666664,1,32,113600.0,21059.158243,4107.585221,1207.976652,0.0,5.932157251549296,5315.561873,6.9580078125,15413.75,4.68,0.0,13.568,7.236,6.332,2.737,362,0.8859154929577465,1783.5954929577465
2,20201103040015,60.18333333333333,1,32,115552.0,28441.325448,6661.551079,749.889743,0.0,7.876301702575464,7411.440822,7.9638671875,17740.06,6.41,0.0,15.352,10.575,4.778,3.167,367,0.7856549432290224,2457.3852118526725
3,20201103050027,60.2,1,32,115584.0,27295.057905,5600.936181,1288.165406,0.0,7.556771291528239,6889.101587,7.1884765625,25027.52,5.96,0.0,21.653,11.903,9.75,4.559,345,0.7873754152823921,2645.1946290143965
4,20201103060038,60.18333333333333,1,32,115552.0,24997.298913,5069.869086,889.510816,0.0,6.922541931044032,5959.379902,7.9140625,19219.23,5.16,0.0,16.633,9.198,7.435,3.535,345,0.6338964275823872,1946.9745222929937
5,20201103070049,60.18333333333333,1,32,115552.0,27333.551218,6098.147615,872.507441,0.0,7.569524014954307,6970.655056,6.59765625,19948.01,6.03,0.0,17.263,10.907,6.357,3.665,365,0.6350041539739685,2283.2470229853225
6,20201103080001,59.2,1,32,113664.0,38381.011747,9481.915538,783.229931,0.0,10.805465018862613,10265.145469,12.900390625,30168.99,9.03,0.0,26.542,18.283,8.259,5.555,426,0.9228603603603603,4616.25731981982
7,20201103090024,60.38333333333333,1,32,115936.0,108456.243195,21966.887069,1020.300627,0.0,29.935479766767873,22987.187696,52.4013671875,89621.88,19.83,0.0,77.303,61.227,16.076,6.32,606,3.4706044714325146,11522.343085840464
8,20201103100049,60.416666666666664,1,32,116000.0,176756.532028,25217.871168,982.124803,0.0,48.76042262841379,26199.995971,50.7158203125,113196.57,22.59,0.0,97.583,78.59,18.993,0.894,666,3.762758620689655,15359.615172413793
9,20201103110013,59.4,1,32,114048.0,139098.14412,23857.0204,968.17889,0.0,39.02865996632997,24825.19929,25.4990234375,103316.75,21.77,0.0,90.591,73.003,17.587,2.474,553,4.500280583613917,14000.425925925925
10,20201103120038,60.416666666666664,1,32,116000.0,153098.332972,25339.564994,1026.512024,0.0,42.23402288882759,26366.077018,59.91015625,111489.24,22.73,0.0,96.111,78.35,17.762,1.095,574,4.8485517241379315,16837.262620689657
11,20201103130058,60.333333333333336,1,32,115840.0,105084.625961,21365.541084,1310.412728,1.442661,29.02890219917127,22675.953812,20.8349609375,88354.38,19.58,0.0,76.273,60.451,15.822,5.19,463,2.652486187845304,14495.740607734806
12,20201103140019,59.35,1,32,113952.0,100106.943991,21463.183319,1880.890222,73.649393,28.112031449311992,23344.073541,49.9638671875,90035.64,20.49,0.06,79.012,63.346,15.666,4.976,613,2.6026397079472057,11959.532434709352
13,20201103150042,60.38333333333333,1,32,115936.0,130288.080206,24130.680472,1580.004814,58.406945,35.961380128622686,25710.685286,38.1943359375,106519.71,22.18,0.05,91.878,74.668,17.21,1.453,567,4.513662710460944,15623.747446867237
14,20201103160003,59.35,1,32,113952.0,92139.988237,21380.025991,1822.891226,73.934731,25.87475097921932,23202.917217,21.1884765625,89386.18,20.36,0.06,78.442,62.566,15.876,3.453,511,4.485818590283628,14611.772816624543
15,20201103170021,60.3,1,32,115776.0,58628.959659,16227.229673,1947.647479,73.819924,16.20479813681592,18174.877152,10.6123046875,59866.78,15.7,0.06,51.709,39.676,12.033,5.247,475,3.258430071862908,14185.327805417357
16,20201103180034,60.21666666666667,1,32,115616.0,31311.45853,10791.905218,901.445874,1.1551,8.666332280653197,11693.351092,10.1455078125,30972.62,10.11,0.0,26.789,20.091,6.698,3.477,419,2.1212288956545806,10562.800719623581
17,20201103190046,60.2,1,32,115584.0,24326.690339,8524.520043,2358.139439,128.396854,6.734964102713178,10882.659482,8.3037109375,27669.75,9.42,0.11,23.939,17.596,6.343,3.454,391,3.810077519379845,7787.063953488372
18,20201103200057,60.18333333333333,1,32,115552.0,17552.13496,6523.71807,2310.827358,134.042618,4.860740780947106,8834.545428,8.888671875,21154.99,7.65,0.12,18.308,13.287,5.02,2.056,400,0.6535585710329549,5089.497092218222
19,20201103210009,59.2,1,32,113664.0,20220.57654,8106.142939,1607.797992,76.112508,5.692729881756756,9713.940931,4.5478515625,21698.59,8.55,0.07,19.09,15.198,3.892,1.298,379,1.164132882882883,6012.737612612613
20,20201103220019,60.166666666666664,1,32,115520.0,11000.716462,5405.74925,1482.10772,66.124443,3.04728987867036,6887.85697,6.525390625,14847.54,5.96,0.06,12.853,9.96,2.893,0.645,381,0.7592797783933518,2215.647091412742
21,20201103230030,60.18333333333333,1,32,115552.0,21054.147679,7048.924069,1909.020067,119.604224,5.83055875906951,8957.944136,5.794921875,19308.81,7.75,0.1,16.71,13.186,3.525,1.992,364,0.595679867072833,2205.289393519801
22,20201104000041,60.18333333333333,1,32,115552.0,15745.177424,5881.141016,1814.528984,100.839443,4.360337143173636,7695.67,7.48046875,16400.24,6.66,0.09,14.193,10.899,3.294,1.572,429,0.6361118803655497,1357.1780670174467
23,20201104010054,60.21666666666667,1,32,115616.0,11395.479551,4840.783755,2541.005796,123.901813,3.1540214644339883,7381.789551,4.9287109375,22635.65,6.38,0.11,19.578,11.041,8.537,2.294,329,0.5676722944921119,1306.5765292001106
24,20201104020003,59.15,1,32,113568.0,34580.399165,4406.067163,1277.411032,0.706814,9.743702216117216,5683.478195,7.5009765625,15074.87,5.0,0.0,13.274,7.877,5.397,2.5,315,0.5891800507185122,1204.5773457311918
25,20201104030017,60.233333333333334,1,32,115648.0,15927.880069,3753.953906,1154.146323,0.0,4.407271740177089,4908.100229,6.05859375,14080.33,4.24,0.0,12.175,6.778,5.398,2.454,360,0.7315993359158827,1858.1903707802987
26,20201104040027,60.166666666666664,1,32,115520.0,21505.710532,5839.409016,691.968355,0.0,5.957260535180056,6531.377371,6.3984375,15494.89,5.65,0.0,13.413,8.942,4.471,2.529,374,0.6224376731301939,2603.0781163434904
27,20201104050037,60.166666666666664,1,32,115520.0,19880.705008,5121.014491,957.925988,0.0,5.507120500831025,6078.940479,5.3486328125,19285.03,5.26,0.0,16.694,9.404,7.29,3.185,349,0.8498614958448754,3002.858725761773
28,20201104060047,60.166666666666664,1,32,115520.0,15656.615965,4599.81704,459.665471,0.0,4.337012732686981,5059.482511,5.8291015625,13807.42,4.38,0.0,11.952,6.875,5.078,1.997,347,0.589196675900277,2233.298891966759
29,20201104070057,60.166666666666664,1,32,115520.0,16200.993084,6336.451002,552.586575,0.0,4.487809718559557,6889.037577,4.7255859375,15624.05,5.96,0.0,13.525,9.733,3.792,1.613,373,0.6421052631578947,2107.470914127424
30,20201104080008,59.18333333333333,1,32,113632.0,25828.180318,9488.12352,447.419504,0.0,7.273494879752183,9935.543024,12.4052734375,25384.01,8.74,0.0,22.339,17.036,5.303,2.674,436,0.9304421289777527,4224.157138834131
31,20201104090026,60.3,1,32,115776.0,74626.222786,19923.618203,736.722873,0.186621,20.62637445715865,20660.341076,20.001953125,70165.23,17.85,0.0,60.604,48.132,12.472,5.119,489,3.189331122166943,10544.594803758982
32,20201104100049,60.38333333333333,1,32,115936.0,328881.202809,25668.53166,709.775597,0.0,90.77593232376483,26378.307257,59.5830078125,111254.99,22.75,0.0,95.962,81.104,14.859,0.926,688,3.901186861716809,12836.690311896218
33,20201104110012,59.38333333333333,1,32,114016.0,160726.697576,25250.61193,912.361243,0.0,45.1099347673309,26162.973173,47.1552734375,111101.12,22.95,0.0,97.443,80.833,16.611,0.556,551,4.50294695481336,17106.966881841145
34,20201104120037,60.416666666666664,1,32,116000.0,187565.360364,26034.835634,810.916155,0.0,51.74216837627586,26845.751789,58.4677734375,115250.32,23.14,0.0,99.354,81.757,17.597,0.14,598,4.736275862068966,15268.110620689655
35,20201104130056,60.31666666666667,1,32,115808.0,88777.609454,19575.919179,1088.358159,1.536191,24.530978019895,20664.277338,14.7490234375,77682.0,17.84,0.0,67.078,52.547,14.532,3.512,459,2.7642995302569773,12327.485493230173
36,20201104140012,59.266666666666666,1,32,113792.0,55296.897952,16025.004585,1913.112163,99.013241,15.550308760404949,17938.116748,24.27734375,57710.68,15.76,0.09,50.716,39.245,11.471,4.312,488,2.34533183352081,9593.863048368954
37,20201104150035,60.38333333333333,1,32,115936.0,128186.464577,23811.825291,1714.928432,63.330897,35.381304051062656,25526.753723,28.447265625,106529.22,22.02,0.05,91.886,73.519,18.368,1.772,538,5.106265525807342,15282.286226883798
38,20201104160055,60.333333333333336,1,32,115840.0,79787.649374,19733.702994,2069.803983,82.063214,22.040787119889504,21803.506977,20.7412109375,80311.05,18.82,0.07,69.329,53.924,15.405,5.059,479,4.360220994475138,13927.562430939226
39,20201104170009,59.233333333333334,1,32,113728.0,48253.401005,14493.460438,1151.500455,5.581152,13.577209061620708,15644.960893,9.8740234375,46493.45,13.76,0.0,40.881,31.307,9.574,5.216,438,3.157568936409679,12307.753235790658
40,20201104180022,60.21666666666667,1,32,115616.0,31420.338289,10322.382271,972.716532,0.004869,8.696467835316911,11295.098803,8.53125,29543.27,9.77,0.0,25.553,18.841,6.712,4.116,431,2.385828951010241,8883.508718516468
41,20201104190033,60.18333333333333,1,32,115552.0,25359.567483,7992.790229,2368.38061,125.129939,7.022865545001385,10361.170839,8.2021484375,26178.37,8.97,0.11,22.655,16.254,6.401,4.126,397,3.1672666851287734,6347.265854333979
42,20201104200044,60.18333333333333,1,32,115552.0,21633.922104,7087.668524,2181.674121,125.525153,5.9911166170036,9269.342645,7.8857421875,23064.25,8.02,0.11,19.96,14.57,5.39,2.801,395,0.8247022985322625,3565.449736914982
43,20201104210055,60.18333333333333,1,32,115552.0,26069.936192,8745.239619,1152.334307,38.220543,7.21958908667959,9897.573926,5.669921875,23453.84,8.57,0.03,20.297,15.988,4.309,2.538,382,1.2448075325394627,4315.982553309333
44,20201104220006,59.18333333333333,1,32,113632.0,17580.011337,6765.036513,1396.056453,57.547644,4.950721300197127,8161.092966,5.2197265625,18599.79,7.18,0.05,16.368,13.032,3.336,1.811,369,0.8822866798085046,1906.5753308927062
45,20201104230018,60.2,1,32,115584.0,30186.839148,9293.829386,1806.858605,113.274352,8.357375179401993,11100.687991,7.70703125,26038.63,9.6,0.1,22.528,18.109,4.419,3.273,364,0.8156146179401993,1868.797619047619
46,20201105000029,60.18333333333333,1,32,115552.0,28426.254158,8893.798465,1349.947846,61.968469,7.87212798615342,10243.746311,7.4326171875,22569.07,8.87,0.05,19.532,16.05,3.481,2.578,372,0.7646081417889781,1263.545278316256
47,20201105010043,60.233333333333334,1,32,115648.0,19048.804101,5809.845147,2313.518559,88.180783,5.270836773934699,8123.363706,6.0166015625,26196.19,7.02,0.08,22.652,13.355,9.296,3.225,321,0.7548422800221362,1246.0044272274488
48,20201105020053,60.166666666666664,1,32,115520.0,18384.63512,3768.239551,1508.83226,59.096161,5.092696709141274,5277.071811,7.5927734375,14747.05,4.57,0.05,12.766,7.978,4.788,1.548,314,0.7119113573407202,968.9157894736842
49,20201105030004,59.18333333333333,1,32,113632.0,14568.573106,4515.45286,1094.41447,0.37823,4.102667729090397,5609.86733,7.2705078125,15558.91,4.94,0.0,13.692,8.123,5.57,2.136,381,0.7814700084483244,2594.856660095748
50,20201105040014,60.166666666666664,1,32,115520.0,20190.881144,6437.697836,424.416527,0.0,5.593041868144044,6862.114363,7.046875,15678.14,5.94,0.0,13.572,10.212,3.36,2.477,362,0.6988919667590028,1648.2227146814405
51,20201105050025,60.18333333333333,1,32,115552.0,27139.543711,8981.116203,726.226506,0.0,7.515797206037109,9707.342709,9.7890625,27762.6,8.4,0.0,24.026,17.425,6.601,3.275,353,0.9695375242315148,2472.3960121849905
52,20201105060037,60.2,1,32,115584.0,24651.010995,8888.438705,362.822254,0.0,6.824753874584718,9251.260959,9.201171875,24853.88,8.0,0.0,21.503,15.794,5.708,2.977,369,0.6852159468438538,1954.2707641196014
53,20201105070049,60.2,1,32,115584.0,25977.221798,8438.682021,586.177795,0.0,7.191921870985603,9024.859816,6.658203125,22318.63,7.81,0.0,19.309,14.701,4.608,2.966,359,0.7350498338870431,1518.485603543743
54,20201105080001,59.2,1,32,113664.0,35852.413432,10822.158567,423.067537,0.0,10.093584862612612,11245.226104,13.49609375,30518.79,9.89,0.0,26.85,20.529,6.321,3.822,469,0.9907094594594594,3770.568975225225
55,20201105090027,60.43333333333333,1,32,116032.0,186699.50057,22828.614867,579.435625,0.0,51.489106610590184,23408.050492,130.4892578125,96254.97,20.17,0.0,82.956,66.767,16.189,3.026,674,3.703254274682846,10096.314120242692
56,20201105100055,60.46666666666667,1,32,116096.0,341987.174167,24975.319428,637.16318,0.0,94.26327843632856,25612.482608,135.0400390625,115633.74,22.06,0.0,99.602,80.867,18.735,0.081,686,4.306504961411246,12683.168136714443
57,20201105110023,59.46666666666667,1,48,171264.0,221480.796155,26946.353023,787.060613,0.0,62.07421416900224,27733.413636,58.8466796875,124589.6,16.19,0.0,72.747,58.011,14.736,1.574,704,4.938340807174888,13605.575952914798
58,20201105120052,60.483333333333334,1,48,174192.0,187352.480794,29352.325631,944.649064,0.0,51.626475831909616,30296.974695,55.046875,138136.42,17.39,0.0,79.301,56.771,22.531,3.221,679,4.808487186552769,12957.599338660788
59,20201105130012,59.333333333333336,1,48,170880.0,105365.456275,24313.771086,1514.130513,0.0,29.59703827949438,25827.901599,25.6171875,95629.16,15.11,0.0,55.963,38.45,17.513,7.433,505,2.787921348314607,16546.82724719101
60,20201105140030,60.3,1,48,173664.0,86007.137683,23173.863564,2423.098029,99.821106,23.772011521006082,25596.961593,33.998046875,81046.31,14.74,0.06,46.668,34.108,12.56,4.58,575,2.857656163626313,13614.092039800995
