,TM,DUR,INSTANCES,CPUS,CAP,DBT,DBC,BGC,RMANC,AAS,TOTORA,LOAD,TOTOS,ORACPUPCT,RMANCPUPCT,OSCPUPCT,USRCPUPCT,SYSCPUPCT,IOWAITCPUPCT,LOGONS_CURR,LOGONS_CUM,EXECS
0,20201026020059,60.13333333333333,1,32,115456.0,,,,,,,9.2119140625,,,,,,,,299,,
1,20201026030008,59.15,1,32,113568.0,18649.42753,4848.047192,951.935385,0.0,5.254840104254719,5799.982577,6.39453125,15320.89,5.11,0.0,13.49,8.201,5.29,2.487,334,0.8633417864187095,1966.0772048464355
2,20201026040017,60.15,1,32,115488.0,19817.773665,4990.885826,722.92194,0.0,5.491209106400665,5713.807766,6.7490234375,14780.15,4.95,0.0,12.798,8.105,4.693,2.306,332,0.6339706289830979,1078.488778054863
3,20201026050027,60.166666666666664,1,32,115520.0,15924.166733,3807.366053,932.332727,0.0,4.411126518836565,4739.69878,6.546875,17236.5,4.1,0.0,14.921,7.399,7.522,2.439,326,0.5905817174515235,1460.4290858725763
4,20201026060035,60.13333333333333,1,32,115456.0,18065.388607,4490.35976,885.85753,0.0,5.007036753603105,5376.21729,7.4794921875,16087.1,4.66,0.0,13.934,8.117,5.816,2.443,344,0.6355321507760532,1274.9562084257207
5,20201026070044,60.15,1,32,115488.0,16848.327366,4044.822107,671.634955,0.0,4.668419885286783,4716.457062,6.626953125,14334.25,4.08,0.0,12.412,7.048,5.364,2.093,371,0.6115267387087836,1506.0487669714603
6,20201026080056,60.2,1,32,115584.0,22100.753366,7388.218233,528.723613,0.0,6.118702482281285,7916.941846,11.990234375,21461.23,6.85,0.0,18.568,12.842,5.726,2.737,456,0.9820044296788483,3002.1124031007753
7,20201026090012,59.266666666666666,1,32,113792.0,53880.583901,16009.894004,698.034327,0.0,15.152020219628797,16707.928331,20.4765625,52156.66,14.68,0.0,45.835,35.235,10.6,4.653,500,3.097019122609674,8054.616985376828
8,20201026100031,60.31666666666667,1,32,115808.0,87447.476988,20980.608097,882.57425,0.0,24.16343658137607,21863.182347,26.9189453125,80904.52,18.88,0.0,69.861,54.806,15.055,5.448,567,3.5482177397071015,13968.397347333517
9,20201026110052,60.35,1,32,115872.0,98271.976297,21543.487356,1078.010289,0.0,27.13945769041701,22621.497645,34.279296875,86946.75,19.52,0.0,75.037,58.955,16.081,5.758,484,4.304888152444076,14938.307649820492
10,20201026120014,59.36666666666667,1,32,113984.0,123770.641191,23242.412288,1100.119749,0.0,34.74751296771477,24342.532037,30.189453125,102410.74,21.36,0.0,89.847,71.23,18.617,2.785,576,4.435148792813027,16162.366367209434
11,20201026130032,60.3,1,32,115776.0,67158.642196,16862.880222,1186.559577,0.150846,18.562366555002765,18049.439799,20.353515625,63151.57,15.59,0.0,54.546,40.949,13.597,7.706,461,2.532891100055279,10792.324212271973
12,20201026140049,60.28333333333333,1,32,115744.0,63743.315574,16335.297707,2212.190698,95.367862,17.62325561902129,18547.488405,26.7666015625,65116.52,16.02,0.08,56.259,41.461,14.798,7.186,518,2.666021564832734,11229.105612385954
13,20201026150012,59.38333333333333,1,32,114016.0,106584.564794,21532.372005,2016.64045,67.142774,29.914275833286556,23549.012455,31.3759765625,96267.42,20.65,0.06,84.433,65.529,18.904,4.234,592,5.029750210496772,16406.344934044344
14,20201026160030,60.3,1,32,115776.0,69717.450452,17572.108359,1946.839455,60.268399,19.269610406854614,19518.947814,22.4580078125,69841.93,16.86,0.05,60.325,45.825,14.5,7.543,505,4.263128800442233,13882.055279159757
15,20201026170045,60.25,1,32,115680.0,46963.743238,13721.227153,1345.100657,0.214052,12.991353592807746,15066.32781,11.6044921875,45798.93,13.02,0.0,39.591,29.798,9.793,6.577,420,3.0326417704011064,12121.926970954357
16,20201026180055,60.166666666666664,1,32,115520.0,25340.047806,8101.526872,1066.505745,1.932668,7.019403824376731,9168.032617,8.50390625,23855.67,7.94,0.0,20.651,14.397,6.254,3.82,401,2.186703601108033,7310.64515235457
17,20201026190005,59.166666666666664,1,32,113600.0,18391.946536,5350.880119,2451.478564,128.388833,5.180830010140845,7802.358683,9.015625,19759.0,6.87,0.11,17.393,11.241,6.153,3.327,398,3.6864788732394365,4787.885352112676
18,20201026200015,60.166666666666664,1,32,115520.0,15064.921859,4871.389285,2243.675012,131.200525,4.173108548199446,7115.064297,6.861328125,17731.48,6.16,0.11,15.349,10.394,4.955,2.476,383,0.6728531855955678,2332.54432132964
19,20201026210025,60.166666666666664,1,32,115520.0,17946.482792,6516.6054,1743.65934,73.336028,4.971324873130194,8260.26474,5.150390625,19758.14,7.15,0.06,17.104,12.226,4.878,2.539,379,1.0121883656509696,3905.061218836565
20,20201026220034,60.15,1,32,115488.0,10744.791165,4272.211428,1571.605885,54.362605,2.9772211596009974,5843.817313,8.60546875,14352.37,5.06,0.05,12.428,8.29,4.137,1.215,386,0.7076752563036852,1898.002493765586
21,20201026230045,60.18333333333333,1,32,115552.0,17042.82363,7207.337987,1816.950505,100.79999,4.719696380504016,9024.288492,7.375,19462.31,7.81,0.09,16.843,13.418,3.425,1.282,363,0.6535585710329549,1555.5303240099695
