,TM,DUR,INSTANCES,CPUS,CAP,DBT,DBC,BGC,RMANC,AAS,TOTORA,LOAD,TOTOS,ORACPUPCT,RMANCPUPCT,OSCPUPCT,USRCPUPCT,SYSCPUPCT,IOWAITCPUPCT,LOGONS_CURR,LOGONS_CUM,EXECS
0,20201015020011,60.15,1,32,115488.0,,,,,,,7.0068359375,,,,,,,,368,,
1,20201015030020,60.15,1,32,115488.0,9265.619558,3667.385449,945.424822,0.0,2.5673647985591574,4612.810271,5.2568359375,12572.95,3.99,0.0,10.887,6.334,4.553,1.118,413,0.686893876420061,3650.5918536990857
2,20201015040030,60.166666666666664,1,32,115520.0,13715.590285,6469.426373,449.735899,0.0,3.7993324889196676,6919.162272,7.4755859375,15094.64,5.99,0.0,13.067,10.095,2.972,1.144,434,0.7778393351800554,3232.998891966759
3,20201015050041,60.18333333333333,1,32,115552.0,15483.359332,7016.01659,620.439875,0.0,4.287831440598172,7636.456465,5.9541015625,22415.12,6.61,0.0,19.398,13.386,6.012,0.886,404,0.7255607864857381,3285.685405704791
4,20201015060050,60.15,1,32,115488.0,7421.300404,3656.205745,244.414248,0.0,2.056331505680244,3900.619993,6.6484375,12905.18,3.38,0.0,11.174,6.688,4.486,0.45,391,0.5804932114159047,1358.9279578830701
5,20201015070059,60.15,1,32,115488.0,13287.813709,6689.791158,391.565541,0.0,3.6818547267941257,7081.356699,5.8544921875,16655.56,6.13,0.0,14.422,11.208,3.214,0.703,411,0.6251039068994181,2190.5705181490716
6,20201015080010,59.18333333333333,1,32,113632.0,20869.380264,9264.37648,323.191912,0.0,5.877043160799775,9587.568392,10.7138671875,23658.04,8.44,0.0,20.82,16.408,4.412,1.131,484,0.8560968741199662,4049.5981413686286
7,20201015090027,60.28333333333333,1,32,115744.0,67355.129855,18945.103483,534.050429,0.0,18.621821911805363,19479.153912,20.7587890625,64598.89,16.83,0.0,55.812,44.811,11.001,4.032,568,2.9654409731821953,10450.68592756428
8,20201015100049,60.36666666666667,1,32,115904.0,107477.692458,23547.595738,769.812437,0.0,29.673576051352843,24317.408175,32.6787109375,97372.99,20.98,0.0,84.012,68.027,15.984,2.572,546,3.053837658752071,15146.32689122032
9,20201015110013,59.4,1,32,114048.0,114889.004245,23475.855022,792.932,0.0,32.235972010381595,24268.787022,49.2099609375,98966.06,21.28,0.0,86.776,70.227,16.548,2.554,705,3.5342312008978674,16252.920875420876
10,20201015120037,60.4,1,32,115968.0,159436.920141,24915.428468,785.862202,0.0,43.994735138245034,25701.29067,31.8271484375,110109.42,22.16,0.0,94.948,77.077,17.871,1.012,686,3.733167770419426,17197.494481236205
11,20201015130055,60.3,1,32,115776.0,76209.829175,18930.044705,933.65504,1.288221,21.06407661000553,19863.699745,18.0048828125,69224.77,17.16,0.0,59.792,46.506,13.286,5.425,555,2.409894969596462,12155.153399668325
