,SNAP_TIME,Swap Util
0,20201008000013,0
1,20201008010027,0
2,20201008020040,0
3,20201008030046,0
4,20201008040056,0
5,20201008050005,0
6,20201008060015,0
7,20201008070025,0
8,20201008080037,0
9,20201008090100,0
10,20201008100025,0
11,20201008110048,0
12,20201008120011,0
13,20201008130031,0
14,20201008140048,0
15,20201008150007,0
16,20201008160022,0
17,20201008170036,0
18,20201008180047,0
19,20201008190059,0
20,20201008200009,0
21,20201008210021,0
22,20201008220030,0
23,20201008230042,0
24,20201009000052,0
25,20201009010006,0
26,20201009020020,0
27,20201009030032,0
28,20201009040041,0
29,20201009050052,0
30,20201009060001,0
31,20201009070011,0
32,20201009080021,0
33,20201009090036,0
34,20201009100056,0
35,20201009110015,0
36,20201009120035,0
37,20201009130052,0
38,20201009140006,0
39,20201009150024,0
40,20201009160039,0
41,20201009170052,0
42,20201009180002,0
43,20201009190013,0
44,20201009200023,0
45,20201009210033,0
46,20201009220042,0
