,TM,DUR,INSTANCES,CPUS,CAP,DBT,DBC,BGC,RMANC,AAS,TOTORA,LOAD,TOTOS,ORACPUPCT,RMANCPUPCT,OSCPUPCT,USRCPUPCT,SYSCPUPCT,IOWAITCPUPCT,LOGONS_CURR,LOGONS_CUM,EXECS
0,20201008020040,60.21666666666667,1,32,115616.0,,,,,,,10.71484375,,,,,,,,357,,
1,20201008030046,60.1,1,32,115392.0,7782.192104,3203.134253,721.313473,0.0,2.158123156960621,3924.447726,5.8857421875,11492.82,3.4,0.0,9.96,5.691,4.268,0.88,392,0.7775929007210205,2318.2656683305604
2,20201008040056,60.166666666666664,1,32,115520.0,13820.841285,6151.00792,370.642729,0.0,3.8284878905817172,6521.650649,9.060546875,14749.24,5.65,0.0,12.768,9.681,3.087,1.047,404,0.7246537396121884,2848.1761772853188
3,20201008050005,59.15,1,32,113568.0,8806.986332,3518.359333,1347.503491,0.0,2.481540245703015,4865.862824,6.2177734375,17755.67,4.28,0.0,15.634,8.183,7.451,2.493,404,0.8185404339250493,1920.0115525500141
4,20201008060015,60.166666666666664,1,32,115520.0,8897.231182,4244.153462,1022.745576,0.0,2.4646069756232687,5266.899038,7.3974609375,16218.14,4.56,0.0,14.039,8.226,5.813,2.024,402,0.5980609418282549,2056.6861495844873
5,20201008070025,60.166666666666664,1,32,115520.0,11574.692653,5336.092929,831.161682,0.0,3.206286053462604,6167.254611,7.236328125,16078.73,5.34,0.0,13.919,9.271,4.647,1.669,408,0.6382271468144044,2159.451246537396
6,20201008080037,60.2,1,32,115584.0,20693.082968,7847.306128,656.27282,0.0,5.728981995570321,8503.578948,15.392578125,23757.38,7.36,0.0,20.554,14.378,6.176,2.491,587,0.966500553709856,3694.105758582503
7,20201008090100,60.38333333333333,1,32,115936.0,75594.824382,18768.613615,740.350214,0.0,20.865256522771183,19508.963829,31.7607421875,72116.63,16.83,0.0,62.204,48.784,13.419,4.228,538,2.922163952525531,9914.156500138008
8,20201008100025,59.416666666666664,1,32,114080.0,133449.509888,22712.007597,802.855141,0.0,37.433242605329596,23514.862738,41.4326171875,104500.57,20.61,0.0,91.603,73.444,18.159,1.637,686,3.8945301542777,15225.276016830294
9,20201008110048,60.38333333333333,1,32,115936.0,115420.536063,23026.390534,899.303425,0.0,31.857724555064863,23925.693959,35.9404296875,96633.57,20.64,0.0,83.351,66.574,16.777,4.109,726,4.010488545404361,15735.223019597019
10,20201008120011,59.38333333333333,1,32,114016.0,116178.647998,22776.827081,899.347411,0.0,32.6069738978389,23676.174492,50.0712890625,97283.71,20.77,0.0,85.325,68.476,16.849,3.59,621,3.7067078304799326,15182.72888015717
11,20201008130031,60.333333333333336,1,32,115840.0,87125.354064,17598.319011,1028.746979,0.064005,24.067777365745858,18627.06599,13.5283203125,75179.98,16.08,0.0,64.9,49.352,15.548,5.705,505,2.3005524861878452,10432.364640883978
12,20201008140048,60.28333333333333,1,32,115744.0,61219.368971,16507.295701,1996.825283,101.271085,16.925454512303013,18504.120984,25.21875,62685.94,15.99,0.09,54.159,41.616,12.543,6.402,613,2.321537185512856,10457.047829693116
13,20201008150007,59.31666666666667,1,32,113888.0,78390.087622,19527.479742,1810.030892,75.949633,22.025874577690363,21337.510634,17.001953125,76988.75,18.74,0.07,67.6,52.659,14.941,5.847,670,3.792638381567856,14250.046642315257
14,20201008160022,60.25,1,32,115680.0,64285.898351,17637.908,856.110489,0.462824,17.783097745781465,18494.018489,19.0732421875,58887.48,15.99,0.0,50.905,39.653,11.253,5.575,542,3.1352697095435684,14384.754633471646
15,20201008170036,60.233333333333334,1,32,115648.0,42107.111213,12745.87856,1004.834453,0.0,11.651109909518539,13750.713013,9.1884765625,39057.72,11.89,0.0,33.773,25.193,8.58,5.134,466,2.359988931931378,11671.001106806862
16,20201008180047,60.18333333333333,1,32,115552.0,28780.928901,8550.363792,850.966266,1.211294,7.970348629465522,9401.330058,10.5693359375,25031.25,8.14,0.0,21.662,14.674,6.988,4.471,458,1.5508169482137912,7881.237884242592
17,20201008190059,60.2,1,32,115584.0,26393.550506,7724.621484,2211.879456,131.24062,7.307184525470653,9936.50094,12.4013671875,26276.23,8.6,0.11,22.733,15.876,6.857,4.847,439,3.66749723145072,5672.3330564784055
18,20201008200009,59.166666666666664,1,32,113600.0,20468.540545,6065.990817,1425.841339,74.349558,5.7657860690140845,7491.832156,6.36328125,19860.85,6.59,0.07,17.483,11.937,5.546,3.147,445,0.6645070422535211,3098.4011267605633
19,20201008210021,60.2,1,32,115584.0,22488.397833,6465.821273,720.323849,0.090673,6.226023763289037,7186.145122,6.9775390625,16929.64,6.22,0.0,14.647,10.513,4.134,2.705,430,1.1140642303433002,4292.344407530454
20,20201008220030,60.15,1,32,115488.0,13869.193528,3366.168776,1458.41688,67.297783,3.8429463917982822,4824.585656,9.07421875,12664.2,4.18,0.06,10.966,6.814,4.152,2.173,433,0.7209753394292048,1753.3557772236077
21,20201008230042,60.2,1,32,115584.0,26712.208447,6684.337396,2045.317685,102.623539,7.395406546788482,8729.655081,7.765625,20293.18,7.55,0.09,17.557,12.683,4.874,3.551,409,0.6627906976744186,1690.3327796234773
22,20201009000052,60.166666666666664,1,32,115520.0,18955.651777,4423.150852,1338.294006,84.240491,5.250873068421052,5761.444858,6.7080078125,14390.09,4.99,0.07,12.457,8.257,4.2,2.406,406,0.6083102493074792,1261.598891966759
23,20201009010006,59.233333333333334,1,32,113728.0,14843.632264,3388.591902,1214.648191,0.10272,4.1765988362408555,4603.240093,6.1728515625,17657.56,4.05,0.0,15.526,6.989,8.537,3.058,386,0.6218345526167698,1332.5332020258863
24,20201009020020,60.233333333333334,1,32,115648.0,29104.790042,3991.872547,1407.688028,0.0,8.05334533536248,5399.560575,10.94140625,15795.34,4.67,0.0,13.658,7.459,6.199,2.828,386,0.6245157719977864,1268.88184836746
25,20201009030032,60.2,1,32,115584.0,24505.474364,4673.913765,1383.67795,0.0,6.784461341085271,6057.591715,6.3583984375,16423.47,5.24,0.0,14.209,8.058,6.151,2.938,391,0.717607973421927,1670.733388704319
26,20201009040041,60.15,1,32,115488.0,23978.312224,5948.617817,887.434646,0.0,6.644032203934608,6836.052463,8.166015625,16681.34,5.92,0.0,14.444,9.483,4.962,2.838,401,0.7808257134940426,2297.4275422554724
27,20201009050052,60.18333333333333,1,32,115552.0,14827.657984,5032.377383,1760.405201,0.0,4.106247018554417,6792.782584,8.712890625,23018.3,5.88,0.0,19.92,11.495,8.425,4.023,403,0.7355303240099695,2397.209083356411
28,20201009060001,59.15,1,32,113568.0,12886.208866,4599.86741,966.039827,0.0,3.630940790645252,5565.907237,5.1494140625,17243.66,4.9,0.0,15.184,8.971,6.212,2.419,392,0.6131304592843054,2101.885883347422
29,20201009070011,60.166666666666664,1,32,115520.0,14323.696617,5413.66685,827.041956,0.0,3.967782996398892,6240.708806,6.5283203125,16744.31,5.4,0.0,14.495,9.739,4.756,2.055,437,0.6457063711911357,2208.0689750692522
30,20201009080021,60.166666666666664,1,32,115520.0,16301.000054,6796.91896,570.625257,0.0,4.51551248033241,7367.544217,10.17578125,19202.08,6.38,0.0,16.622,11.686,4.936,1.968,482,0.8709141274238227,3397.4260387811632
31,20201009090036,60.25,1,32,115680.0,50488.531594,15676.837046,637.661612,0.0,13.966398781189488,16314.498658,28.6455078125,49235.93,14.1,0.0,42.562,33.623,8.939,4.09,537,2.640387275242047,8890.43540802213
32,20201009100056,60.333333333333336,1,32,115840.0,86612.733419,20963.815126,833.433015,0.0,23.92616945276243,21797.248141,28.8798828125,79347.27,18.82,0.0,68.497,54.703,13.795,5.672,588,3.287569060773481,14136.49005524862
33,20201009110015,59.31666666666667,1,32,113888.0,82728.587509,20650.512857,879.246058,0.0,23.24489674318629,21529.758915,32.2197265625,79694.6,18.9,0.0,69.976,56.008,13.968,4.699,743,3.5389154256813713,14480.468951952796
34,20201009120035,60.333333333333336,1,32,115840.0,88469.330704,21445.123644,903.240861,0.0,24.439041630939226,22348.364505,27.96484375,84632.54,19.29,0.0,73.06,58.442,14.618,4.339,531,3.7245856353591162,14761.57541436464
35,20201009130052,60.28333333333333,1,32,115744.0,51336.709164,15719.228357,958.329921,1.339653,14.193173669892175,16677.558278,13.4208984375,54235.17,14.41,0.0,46.858,35.815,11.043,5.48,506,2.424937793751728,10000.398396461156
36,20201009140006,59.233333333333334,1,32,113728.0,40596.133631,13513.712183,1883.642372,116.608642,11.422659997467642,15397.354555,15.6376953125,46966.25,13.54,0.1,41.297,31.47,9.827,2.245,508,2.27236916150816,9409.585256049522
37,20201009150024,60.3,1,32,115776.0,70125.57767,18538.371681,1921.65079,91.620284,19.38241505527916,20460.022471,23.888671875,73798.52,17.67,0.08,63.743,49.215,14.528,4.179,643,3.2819237147595355,14136.578772802653
38,20201009160039,60.25,1,32,115680.0,57016.967098,16668.095489,797.873661,0.587412,15.772328381189489,17465.96915,15.765625,56395.38,15.1,0.0,48.751,37.484,11.267,4.02,493,3.9952973720608576,13445.532226832642
39,20201009170052,60.21666666666667,1,32,115616.0,30276.67513,11253.551972,704.441307,0.0,8.379926689731525,11957.993279,9.2783203125,32015.9,10.34,0.0,27.692,20.99,6.701,2.185,465,1.8845834486576252,10003.715471907002
40,20201009180002,59.166666666666664,1,32,113600.0,17247.274998,7204.974724,601.875929,0.0,4.858387323380282,7806.850653,5.3369140625,18428.76,6.87,0.0,16.222,11.898,4.324,1.35,429,1.2808450704225351,6552.906197183099
41,20201009190013,60.18333333333333,1,32,115552.0,16278.078362,7231.953584,2267.578968,134.605986,4.507914251453891,9499.532552,9.0712890625,22330.11,8.22,0.12,19.325,14.278,5.047,1.517,447,3.3813348103018552,5970.52893935198
42,20201009200023,60.166666666666664,1,32,115520.0,13755.597876,6272.288747,1827.922646,112.494701,3.810414924099723,8100.211393,6.453125,18910.74,7.01,0.1,16.37,12.054,4.316,1.137,427,0.6750692520775623,4147.516066481994
43,20201009210033,60.166666666666664,1,32,115520.0,14733.490209,6679.923224,711.450185,0.44458,4.081299226869806,7391.373409,5.2001953125,16893.31,6.4,0.0,14.624,11.051,3.573,1.166,421,1.2290858725761773,5729.728531855955
44,20201009220042,60.15,1,32,115488.0,10834.401951,4747.779985,1538.645376,65.69266,3.002050970074813,6286.425361,10.20703125,14820.12,5.44,0.06,12.833,9.123,3.709,0.894,427,0.7107231920199502,3757.0509836519814
45,20201009230054,60.2,1,32,115584.0,22821.157124,8450.752551,1831.780642,97.512907,6.318149812846069,10282.533193,8.11328125,23088.81,8.9,0.08,19.976,16.213,3.762,2.18,403,0.6201550387596899,2813.842746400886
