,SNAP_TIME,SGA,PGA,TOT
0,20201008000013,15.323,1.728,17.051
1,20201008010027,15.456,1.53,16.986
2,20201008020040,15.463,3.255,18.718
3,20201008030046,15.024,3.446,18.47
4,20201008040056,15.083,1.546,16.629
5,20201008050005,15.11,1.583,16.693
6,20201008060015,15.129,1.714,16.843
7,20201008070025,15.186,3.027,18.213
8,20201008080037,15.298,3.082,18.38
9,20201008090100,15.154,4.143,19.297
10,20201008100025,15.107,4.889,19.996
11,20201008110048,14.949,3.861,18.81
12,20201008120011,14.931,2.645,17.576
13,20201008130031,14.777,3.536,18.313
14,20201008140048,14.728,3.608,18.336
15,20201008150007,14.763,2.539,17.302
16,20201008160022,14.686,2.23,16.916
17,20201008170036,14.665,2.267,16.932
18,20201008180047,14.754,2.235,16.989
19,20201008190059,14.753,1.796,16.549
20,20201008200009,14.808,1.858,16.666
21,20201008210021,14.879,2.095,16.974
22,20201008220030,14.923,2.286,17.209
23,20201008230042,14.98,1.878,16.858
24,20201009000052,15.063,1.847,16.91
25,20201009010006,14.959,1.77,16.729
26,20201009020020,15.018,2.817,17.835
27,20201009030032,15.036,3.651,18.687
28,20201009040041,15.048,2.016,17.064
29,20201009050052,15.052,1.574,16.626
30,20201009060001,15.031,1.725,16.756
31,20201009070011,15.012,2.427,17.439
32,20201009080021,15.094,2.931,18.025
33,20201009090036,15.059,3.47,18.529
34,20201009100056,15.282,4.378,19.66
35,20201009110015,14.906,3.521,18.427
36,20201009120035,14.953,2.734,17.687
37,20201009130052,14.759,2.392,17.151
38,20201009140006,14.653,3.266,17.919
39,20201009150024,14.639,2.463,17.102
40,20201009160039,14.524,2.17,16.694
41,20201009170052,14.568,1.678,16.246
42,20201009180002,14.551,1.762,16.313
43,20201009190013,14.537,1.692,16.229
44,20201009200023,14.658,1.7,16.358
45,20201009210033,14.76,1.927,16.687
46,20201009220042,14.847,1.832,16.679
