,SNAP_TIME,SGA,PGA,TOT
0,20201010_0000,19.614,1.751,21.365
1,20201010_0030,19.618,1.398,21.016
2,20201010_0100,19.61,1.551,21.161
3,20201010_0130,19.609,1.703,21.312
4,20201010_0200,19.655,1.416,21.071
5,20201010_0230,19.655,3.315,22.97
6,20201010_0300,19.647,2.004,21.651
7,20201010_0330,19.66,1.752,21.412
8,20201010_0400,19.618,2.33,21.948
9,20201010_0430,19.587,2.301,21.888
10,20201010_0500,19.597,3.738,23.335
11,20201010_0530,19.593,1.693,21.286
12,20201010_0600,19.592,1.628,21.22
13,20201010_0630,19.585,1.697,21.282
14,20201010_0700,19.58,1.602,21.182
15,20201010_0730,19.623,1.763,21.386
16,20201010_0800,19.621,3.692,23.313
17,20201010_0830,19.631,1.454,21.085
18,20201010_0901,19.63,1.41,21.04
19,20201010_0930,19.631,1.384,21.015
20,20201010_1000,19.632,1.522,21.154
21,20201010_1030,19.635,1.461,21.096
22,20201010_1100,19.577,1.692,21.269
23,20201010_1130,19.589,1.447,21.036
24,20201010_1200,19.569,1.504,21.073
25,20201010_1230,19.583,1.199,20.782
26,20201010_1300,19.582,1.111,20.693
27,20201010_1330,19.582,1.126,20.708
28,20201010_1400,19.619,1.403,21.022
29,20201010_1430,19.611,1.803,21.414
30,20201010_1500,19.606,1.851,21.457
31,20201010_1530,19.657,1.643,21.3
32,20201010_1600,19.664,1.605,21.269
33,20201010_1630,19.663,2.96,22.623
34,20201010_1700,19.661,2.294,21.955
35,20201010_1730,19.658,2.069,21.727
36,20201010_1800,19.659,1.635,21.294
37,20201010_1830,19.66,1.601,21.261
38,20201010_1900,19.661,1.548,21.209
39,20201010_1930,19.66,1.598,21.258
40,20201010_2000,19.662,1.518,21.18
41,20201010_2030,19.662,1.502,21.164
42,20201010_2100,19.666,1.238,20.904
43,20201010_2130,19.665,1.389,21.054
44,20201010_2200,19.665,1.342,21.007
45,20201010_2230,19.655,1.277,20.932
46,20201010_2300,19.655,1.279,20.934
